856 919789859559174399
61 288230376151711743
1067 5348024557502464
1056 5348024557502464
792 4611686018427387903
837 -4244570113
915 -278162684510209
800 119013376
801 16493731444991
797 1152921504606846975
864 2234070188704137215
867 72193933496545280
868 124554051583
1541 65535
1792 -1
1536 -1
1537 0
1543 0
1542 0
1540 65535
1053 -2251799813685249
1052 -2251799813685249
1051 -2251799813685249
1050 -2251799813685249
497 72057594037927935
496 72057594037927935
417 2269814212194729983
416 72057155951263743
273 63
272 2233785415175766015
256 -1
512 -1
1024 -1
103 9223372036854775807
1544 -1
1537 -1
1307 -2251799813685249
1306 -2251799813685249
1020 936748722493063167
101 72057594037927935
102 -1
100 0
201 17452543772786687
