856 -67588214562241744
61 -64
1067 51200
1056 51200
792 -4
837 -280646048022529
915 -220104425473
800 27350351740928
801 -63330787412410368
797 -16
864 -1099499011848
867 4502500119806080
868 -3355443200
1541 -281474976710656
1792 -1
1536 -1
1537 0
1543 0
1542 0
1540 -281474976710656
1053 -4097
1052 -4097
1051 -4097
1050 -4097
497 -256
496 -256
417 -264
416 -1711276288
273 -288230376151711744
272 -136
256 -1
512 -1
1024 -1
103 -2
1544 -1
1537 -1
1307 -4097
1306 -4097
1020 -208
101 -256
102 -1
100 0
201 -281470698488832
